-3.4790 6.1524
-0.2040 3.2155
3.8884 -0.9262
-2.1658 4.9177
2.8413 0.1465
-3.2961 6.3586
2.3129 0.6484
-2.5338 5.3259
-4.1816 7.8612
3.5291 -0.5089
1.8655 1.2357
4.5811 -1.5528
4.8506 -1.6693
0.3472 2.5520
4.0598 -0.9867
-0.2335 3.5530
3.8967 -0.8878
-4.7615 7.8317
-3.7128 6.3937
2.4064 0.6390
-1.0898 3.7651
-1.0637 4.3267
1.0185 1.9527
-4.7611 8.4136
-1.1233 4.1464
-4.4325 7.9838
1.8957 1.0718
0.2039 2.7403
-4.2391 7.3809
-0.9374 4.2615
-0.6979 3.4264
1.5931 1.2781
-2.8161 5.7010
-4.1891 7.3267
-0.3233 3.6022
2.2867 0.6839
1.1398 1.8769
4.0060 -1.0627
-2.4722 5.2833
-2.7990 5.3296
-2.6420 5.5761
3.1013 -0.0918
2.0241 1.0101
3.7850 -0.7241
2.1101 0.8364
1.6108 1.3976
-0.6042 3.6960
0.6279 2.3121
4.9031 -1.9436
4.5732 -1.6821
-1.6318 4.8189
-3.4454 6.3073
-0.8292 3.8842
0.5448 2.3324
-4.7025 8.0527
3.6671 -0.6462
3.9441 -0.8646
-0.0281 2.9083
-2.9071 5.6713
2.2160 0.7093
1.9972 0.9379
-0.3925 3.6374
-3.2941 6.4904
2.9437 0.0603
3.8850 -0.8445
-3.5749 7.0955
4.3967 -1.3154
-4.9974 8.7398
-0.6119 3.5501
-4.8883 7.4617
-2.6548 6.0149
2.0698 0.9042
1.9416 1.0587
-2.3488 5.6137
-1.7343 5.0485
-4.0677 6.9185
-4.5840 6.9722
2.5928 0.3881
-1.7513 5.0287
0.2182 3.0248
4.5189 -1.5396
1.6898 1.4250
-0.2688 3.3324
1.4937 1.6533
1.6564 1.4141
-2.6985 5.3402
3.0489 -0.0491
0.0279 3.0555
-0.6597 3.9298
2.0903 0.9279
0.5526 2.6919
-2.4500 5.0458
-4.2480 6.9485
0.8910 2.0992
1.7424 1.1644
0.8801 2.0046
0.3370 2.4931
-0.2738 3.3865
-1.7619 4.5960
-0.6901 3.9046
2.6490 0.3543
4.9646 -1.8588
-2.3498 5.5496
2.9207 0.0722
-3.6539 6.7505
-4.6446 8.3996
-0.4605 3.3657
0.6298 2.3981
-2.6912 6.1775
-3.5524 6.2377
1.7710 1.3108
-1.4593 4.1696
0.1047 3.1152
1.9471 1.0065
0.9529 2.1902
0.0611 3.1192
2.7640 0.2213
1.8520 1.2578
-1.8051 4.5684
3.3214 -0.3393
1.6082 1.4783
0.8707 2.1284
-4.8092 8.4585
3.3695 -0.3400
-3.8600 6.3604
3.4042 -0.4332
-1.6250 4.1798
-0.7056 3.8749
2.9378 0.0662
-3.5843 6.0789
1.0810 1.9146
4.3063 -1.2664
1.3644 1.7252
-4.5223 7.1993
1.9835 1.0825
-2.4289 5.0739
1.9090 1.1703
-1.3682 4.7404
0.4188 2.4217
-2.7786 5.2589
4.0549 -1.0651
-1.2646 3.8462
-4.2118 7.6855
-4.6907 8.3191
1.2690 1.8021
4.3700 -1.2996
-1.8006 4.8863
2.4517 0.5964
-2.1107 5.5150
-3.7565 6.9000
0.1408 3.0264
-1.1249 4.4022
4.7861 -1.8076
-2.0818 4.5743
0.9234 1.9733
0.7136 2.2553
1.1586 1.8159
0.6091 2.5703
-2.2014 4.7516
-3.4815 6.2740
2.3301 0.6266
-4.6030 7.2168
3.0162 -0.0170
-0.9358 3.7691
3.3001 -0.2843
4.7104 -1.5871
-0.7752 3.5643
-4.4610 7.9348
2.8704 0.1265
1.3008 1.7555
0.0882 3.1656
0.6769 2.2890
-1.9081 5.0113
2.4714 0.5783
-1.6334 4.5080
3.8335 -0.8610
-1.6634 4.4907
2.9601 0.0429
3.0478 -0.0459
-4.4976 7.1908
-0.9749 4.2986
4.6519 -1.6496
-0.8562 3.6304
-1.6948 4.2495
1.3637 1.5284
3.5803 -0.5573
2.8828 0.1280
0.3841 2.7643
2.4167 0.6035
2.3972 0.6439
-0.5521 3.4958
3.5041 -0.5246
-0.0547 3.0432
4.4816 -1.5766
2.9779 0.0218
-3.6696 7.1497
-2.6223 5.0701
-3.7228 7.3897
0.3412 2.5393
-4.4330 6.7396
-0.3143 1.3101
4.8269 -0.3179
1.8222 -1.8564
3.7090 1.4147
-0.0379 0.6203
-2.1234 1.6373
-3.1698 -3.7512
4.6122 1.7403
2.5626 1.8031
4.5035 4.3012
1.7127 3.2882
-3.1395 -3.2190
-2.1016 4.4924
-4.4179 -3.0038
-4.5593 -2.8232
-2.2044 -4.9148
-3.2953 -1.9937
1.7710 -2.2553
4.0242 0.8645
-1.4801 -1.0345
-3.9984 -3.1360
2.9300 -1.0718
-0.3157 -3.4541
1.8734 3.3230
1.8308 -3.5025
-0.7856 1.7955
1.5934 2.5009
1.3343 -4.8511
0.2515 -3.5775
-3.0872 -4.6934
0.1191 3.0870
2.4833 -4.5285
-0.8017 1.6618
2.3748 -0.4397
1.8647 3.0300
4.5573 -1.4156
-1.9209 -4.7467
-1.5770 -2.8141
-1.1297 2.1091
-4.7382 0.4892
1.3355 3.6969
0.6525 2.3884
-1.3449 -3.9677
-0.7854 4.7143
-0.3780 2.3871
-1.8556 -4.8614
-2.7434 1.7912
-3.8406 -0.1450
-3.6603 -4.6528
4.4652 -3.8556
-0.0757 -4.2337
2.4821 1.0782
-1.8906 -2.6653
-4.9229 -3.5799
1.1562 0.3017
-1.4243 4.3030
1.4883 1.1690
3.4598 1.8989
-3.9865 -2.6557
0.8830 -2.9316
0.8238 -4.6263
0.2180 1.6336
-0.4540 0.0725
4.6670 -0.1420
-3.1769 3.6170
0.5939 4.6551
1.2647 2.5969
-4.6987 -2.5332
1.4227 1.7627
3.3816 2.5931
-1.0486 0.8619
-0.6266 3.2244
-4.1512 4.2684
0.8138 1.3757
3.7168 -4.8106
-2.9309 -3.1566
-4.0539 -4.7326
-3.1205 4.3500
1.6784 -0.1553
2.3242 2.9479
