1.8942 12.5715
2.0787 13.7983
1.5692 11.1873
2.7897 15.1908
0.8047 9.1699
0.0323 6.9037
3.7873 18.0996
-1.0705 3.9491
-2.5736 -0.7211
-2.1837 0.4624
4.0477 18.8565
2.0268 13.0262
3.5306 18.3852
-1.2132 3.2372
1.3302 10.5184
-4.6844 -7.1987
4.2003 20.4472
-0.3025 5.8541
0.1990 7.7123
2.6631 14.4588
-1.6378 2.1270
1.2599 10.9150
-1.7310 1.7246
-1.8889 1.3729
1.4608 11.9358
-0.6631 4.9791
-3.9711 -4.8371
-2.6385 -0.8742
4.7178 20.5722
1.9890 13.0720
1.5945 11.9030
-1.7390 1.7388
-4.8018 -7.5196
0.7047 8.7132
-4.6367 -7.2143
-2.3526 -0.0554
-3.0934 -2.2424
-0.5070 5.5617
2.6866 15.0655
1.2794 10.8716
-1.8530 1.4236
-2.0796 0.7818
-4.2176 -5.5299
-3.2806 -2.8841
2.2128 14.2142
-4.1055 -5.2265
4.1781 20.1466
-0.7032 5.0310
-4.2028 -5.3976
0.7214 8.8503
3.3177 16.8091
-1.5263 2.4664
2.7989 15.6395
2.0834 13.4887
0.9094 9.2510
-1.2301 3.1869
-1.0617 3.9154
-0.7169 5.0151
-0.7697 4.8066
-2.8108 -1.4959
-0.0324 7.1927
-4.6013 -6.6155
0.6482 8.9532
-4.5086 -6.7135
3.7228 18.2092
3.6002 18.0097
-1.6174 2.1602
4.7403 21.7111
4.5478 19.7420
4.8862 21.6430
-3.4228 -3.1802
-4.9708 -7.7838
-2.5182 -0.5575
-1.5371 2.4469
-2.6666 -0.9911
2.5589 14.6879
-2.7407 -1.1768
-0.5156 5.2978
-2.4056 -0.2122
-1.5421 2.3620
4.0295 18.5929
-4.8730 -7.4386
-3.6778 -4.1913
-1.1194 3.6733
3.4062 17.9740
-2.8673 -1.6209
4.3523 19.5570
4.6980 20.2556
-1.2474 3.2729
4.8486 21.4223
-3.7791 -4.4205
2.6096 15.2134
0.7936 9.2865
1.2116 10.7064
-0.1010 6.5000
-2.7955 -1.4480
-3.5587 -3.6807
1.3518 10.8079
3.0242 15.6371
1.6964 12.6369
-0.2840 -3.1829
4.4448 4.3379
0.9148 4.4018
-2.7325 0.9146
1.8384 -4.9919
-1.7936 4.0301
2.4892 1.8289
4.9814 -4.2615
-2.3027 4.9638
4.3187 -1.8554
1.9639 3.0922
-4.0474 -0.3855
-2.5413 0.8714
4.3466 -0.2240
-0.2022 0.5245
3.8253 -3.2468
2.7930 0.8724
-4.8172 -3.4520
2.7076 -0.5455
1.8580 0.3762
3.6767 -0.3810
0.8051 3.3411
1.2610 4.9617
-3.8885 4.7224
-2.8631 2.4593
-4.6363 -3.0004
-0.5546 -4.6367
-1.7342 -3.1140
-2.1271 0.7755
-0.0355 1.2827
