-1.6444 -2.3392
0.8856 2.7359
-1.4807 -1.7970
-2.9328 -4.6554
-2.3785 -3.4362
-4.0135 -7.3502
-3.4994 -5.8144
-1.7898 -2.6581
0.9439 2.8773
-3.4626 -5.7861
-4.3737 -7.4792
-4.9222 -8.1422
2.7426 6.3171
1.8205 4.5271
-3.7950 -6.5659
2.1925 5.7035
-3.3815 -5.9835
-3.7984 -7.0583
1.8115 4.6344
-3.5517 -6.5369
-4.4217 -7.7892
-3.6506 -6.0048
-4.8522 -8.9298
-3.1088 -5.2831
-4.2914 -7.6452
-4.6214 -8.0669
-1.9213 -2.7974
0.1574 1.2193
-1.0649 -1.0828
4.9520 9.8295
-0.6040 -0.2260
-3.4856 -6.1017
2.7805 7.0752
2.4117 5.7313
-4.1236 -7.1024
-0.2957 0.4129
-2.0717 -3.2039
-0.9315 -0.8641
-0.6976 -0.4021
3.7126 7.8065
2.0725 5.4142
-4.8570 -8.9775
-4.7542 -8.2549
-2.6301 -4.1004
0.9827 2.8314
4.2620 8.8564
-1.6559 -2.2351
-0.5697 -0.1486
-4.0086 -6.6433
2.1515 4.8462
2.2164 5.4270
2.8247 6.1469
4.4205 9.6492
-4.5243 -7.3906
3.0035 7.3161
-0.3321 0.3252
-2.2086 -3.4625
-4.5528 -8.3561
2.8755 6.9569
3.9912 9.3433
2.7568 6.2546
3.3745 7.1066
-1.5558 -2.1679
-3.0881 -4.9344
-1.2156 -1.5441
-2.4367 -3.7186
-4.7854 -8.9394
-2.0672 -3.0281
-2.5958 -4.0783
-2.9741 -5.0396
-1.5178 -2.2005
0.3715 1.6609
-3.7569 -7.0997
-3.0726 -5.3909
-0.1138 0.6958
-0.9299 -0.9201
2.3492 5.9213
-2.0010 -3.0394
3.0714 6.9109
4.1366 8.9632
2.6511 5.7694
-1.6579 -2.2965
2.1934 5.5561
-4.6641 -8.4480
1.1562 3.2476
-3.8782 -7.3437
-4.4940 -7.7651
-4.4479 -8.6028
-4.7378 -7.6791
4.5544 9.9896
0.2521 1.5647
2.5625 6.3737
0.8982 2.8021
2.3891 5.9078
-1.8058 -2.7403
3.4813 8.4426
-0.0635 0.8444
-3.8516 -6.7892
3.1227 7.7603
1.6683 4.4139
-1.1822 -1.3666
2.1881 5.7562
-0.8137 -0.6505
-4.4407 -7.2608
0.8500 2.7010
-2.0117 -2.7327
-0.9044 -0.7995
0.8609 2.9434
-1.8438 -2.4428
-3.5264 -6.5918
4.9153 10.1383
-3.9251 -6.6719
-1.6574 -2.1784
-4.6204 -7.5743
4.2241 9.3210
-1.2686 -1.4688
4.8916 9.9224
0.4346 1.8687
0.6332 2.1480
-3.1210 -5.0843
-2.8450 -4.7447
-0.1469 0.7129
-2.8050 -4.5374
4.3687 9.5145
-2.2238 -3.3652
4.5310 9.6208
3.1493 6.8314
-1.5040 -1.8583
-4.7839 -7.7380
-1.5899 -2.2901
-1.1560 -1.3133
-4.0671 -7.4511
4.6925 10.9274
-3.0996 -4.9588
-3.3538 -5.3579
0.0703 1.0412
0.0824 1.1474
-4.4852 -8.2927
-1.3299 -1.8182
0.8480 2.7238
4.9475 9.9010
-0.6487 -0.3023
1.9600 4.7019
-4.8352 -8.7437
-3.4746 -5.8818
3.9954 8.3025
-4.5362 -7.8786
-4.7067 -8.8591
0.7444 2.6971
-1.5960 -2.2764
-2.8070 -5.0483
4.0399 8.4010
1.8309 4.7983
-1.2835 -1.5316
-0.9888 -0.9898
-2.9503 -4.6049
-2.6230 -4.1559
3.8436 8.4096
4.2124 9.1543
2.8165 6.4646
-2.5808 -3.8415
0.8360 2.6726
-2.9814 -5.2774
-3.7293 -6.2565
1.8767 4.7520
4.1074 8.5108
2.5094 6.1097
3.2291 7.4812
-2.7488 -4.3674
-1.1325 -1.3570
-0.8131 -0.6067
4.3579 9.6319
-3.9445 -6.5280
0.3129 1.7140
1.2119 3.2687
-2.1966 -3.4101
-3.0224 -5.0761
-0.9161 -0.8944
-1.3740 -1.9009
-3.3810 -5.2419
3.9353 9.7200
-0.5952 -0.1955
1.7031 4.0296
-2.8957 -4.5153
-0.2885 0.4111
-4.5009 -7.8844
-0.0407 0.9661
-2.3028 -3.9054
1.8417 4.8050
2.4800 6.5033
-1.0836 -1.2267
0.5883 2.1879
2.3225 6.0402
1.1162 3.4367
0.8123 2.4315
-4.2940 -7.9836
-1.2575 -1.5506
-4.6641 -8.1577
-0.9386 -0.9370
1.5796 3.7751
0.7524 2.3025
4.7596 11.4619
-0.5836 -0.1637
2.7784 6.5990
0.6946 2.5820
-4.7890 -8.3036
0.1227 1.2863
-0.9245 -0.8876
-2.8016 -4.3483
-2.6954 -4.4395
-0.6145 -0.2270
4.1989 9.6051
-1.8096 -2.6423
-2.1567 -3.3255
-1.3622 -1.6506
-0.0068 1.0611
3.1352 7.9053
-2.6518 -4.5672
-4.7774 -9.3573
-1.9888 -2.9920
-2.0194 -2.8035
3.2593 7.7445
-3.6360 -5.8843
3.1458 7.8121
3.6109 8.9500
0.5294 1.8955
-4.8147 -8.2781
0.0782 1.2256
2.1365 5.2114
1.9775 4.9475
3.9346 8.0346
2.0118 5.0967
4.3729 9.8870
-4.8911 -9.2067
3.1974 6.7686
-4.6573 -8.7922
0.1616 1.2421
1.5333 4.0918
2.5413 6.5985
-2.2000 -3.7306
1.0305 3.3520
3.8878 8.4330
1.4323 4.0607
2.8606 6.3265
-0.0886 0.8823
-0.9654 -0.9602
3.7744 7.8687
2.0818 5.2468
3.2649 8.2278
-4.8933 -9.3926
-4.0444 -7.4477
0.4328 1.9415
3.5622 7.7126
-2.3564 -3.3713
2.7555 6.4616
1.3792 3.4708
2.2506 5.1289
3.9465 8.7502
2.6799 6.5710
-2.9315 -5.3233
-4.5670 -7.7755
-3.4644 -5.9660
2.1831 5.8285
-3.7136 -5.9986
-2.7921 -4.8494
-0.4644 0.0655
-0.3474 0.3286
-4.1021 -7.2363
0.0673 1.2422
-4.2349 -7.8524
-3.3348 -5.9219
2.4771 5.3619
-1.6543 -2.1727
-1.9495 -2.7600
3.1888 6.7578
4.8205 11.1418
4.6897 11.0492
0.7662 2.4531
-2.6652 -4.0152
-2.0790 -3.2628
1.7376 4.7711
0.7374 2.5607
-3.0030 -4.6450
4.5820 9.9176
-1.6385 -2.3581
-3.5034 -6.0258
-1.7162 -2.6649
-3.8690 -6.4250
2.7191 6.9107
2.9256 6.6783
0.8707 2.5421
-4.2081 -6.7972
-3.0710 -5.3876
2.7541 6.3416
-1.4661 -1.8860
3.3895 7.4712
-3.6611 -6.0624
1.9815 4.7246
-3.0966 -5.1552
-1.0319 -1.1677
-1.6105 -2.1700
4.2269 10.2919
3.3840 7.2507
1.2952 3.8957
3.6549 8.7325
-2.8371 -5.0076
-4.3510 -7.8597
1.7800 4.2019
0.3512 1.6872
0.1735 1.3886
-2.4428 -3.5418
3.5283 7.2852
3.2320 7.1502
-4.8343 -9.4166
-0.2529 0.4956
4.4412 10.6241
-0.4138 0.1682
3.4997 8.6146
0.3555 1.7229
-0.6590 -0.3429
-4.7557 -7.8351
0.0436 1.0246
3.7648 8.8736
4.0825 8.9108
-2.1480 -2.9673
-3.6730 -6.1991
-4.9987 -8.6737
-1.8204 -2.5845
0.3011 1.5000
3.2918 7.1427
1.7358 4.5555
4.1301 9.4352
2.5614 5.7218
-3.3149 -6.1173
4.6402 9.3679
-1.5173 -1.9133
0.9849 2.9747
2.3139 5.9196
3.7082 7.8205
-1.6660 -2.5331
-0.3696 0.2568
-3.3311 -5.1600
-0.3361 0.3392
-0.4363 0.1218
-3.7218 -6.8045
1.3993 4.1502
3.9649 9.2660
-0.7257 -0.4513
-3.2415 -5.0434
-2.0510 -2.9704
-4.4126 -7.8849
-4.3983 -7.0346
-4.7334 -8.0991
0.5047 2.0453
0.6305 2.1127
-1.9540 -2.7162
2.5451 6.3050
1.7110 4.4836
4.3984 9.8980
-0.1485 0.7688
0.1809 1.3967
2.8920 6.5460
0.7117 2.4336
2.6649 6.7919
4.2017 10.3326
-2.8969 -5.1184
1.0811 3.0658
-0.3427 0.3302
1.1670 3.6270
-2.9691 -5.1042
1.7760 4.5349
-4.8268 -8.2836
-2.7339 -4.5529
4.1447 8.9854
2.6843 6.9540
0.3331 1.6469
-4.3162 -8.3376
-3.0042 -5.1850
-4.8798 -9.1207
4.6657 11.2772
3.3220 8.3165
-0.5469 -0.1001
4.9050 10.0645
2.9428 7.3407
-0.1139 0.7667
-3.6941 -6.1310
-2.8776 -4.7773
3.3111 8.1278
-1.7621 -2.5440
2.3877 5.4979
-3.4013 -5.6332
2.3147 5.2767
-4.4631 -7.6894
2.1439 4.9596
-3.7826 -7.0061
4.8404 10.4334
0.9310 2.5812
-2.3046 -3.4713
-0.6800 -0.3842
4.3051 9.1900
0.0789 1.2228
-4.3590 -7.7667
1.5911 3.8927
-0.5083 -0.0166
-3.5283 -5.7941
2.7523 6.7841
0.3126 1.7014
-4.1211 -7.1692
4.0046 8.4364
3.6815 7.7534
-4.4370 -7.5162
1.4006 3.9042
3.8926 9.3233
-1.5228 -2.1142
1.6672 4.1494
-0.4554 0.0828
-0.5312 -0.0592
-4.8297 -8.9917
3.6142 7.5236
4.3782 9.7538
-0.2123 0.6314
0.6983 2.5907
4.9280 11.0192
-0.9587 -0.9662
-2.8016 -4.8304
3.6650 8.6554
1.8902 4.9500
-3.2853 -5.3282
-4.9098 -8.9639
-3.3092 -5.7520
-2.9361 -5.1785
4.0162 8.1581
2.0914 4.8867
-3.6807 -6.9821
-0.7480 -0.5274
1.6145 4.3406
-1.7762 -2.6453
0.9744 3.1305
-2.8935 -4.5761
-3.1038 -5.3795
-2.9168 -4.3787
2.1335 5.3137
-2.4730 -3.9689
-2.2998 -3.8684
-0.1824 0.5955
-2.7933 -4.9823
-1.4534 -2.0884
1.3773 3.6279
2.4975 6.1434
-0.0758 0.8530
1.1739 3.3204
-1.8055 -2.5371
-1.9750 -2.8522
-3.5821 -5.6504
3.4434 7.7140
-2.1185 -3.0682
4.0883 9.1515
-3.8679 -7.0054
1.1386 3.0395
-2.1610 -3.5388
0.0813 1.2626
0.3888 1.8944
-4.4785 -7.9330
-0.6292 -0.2666
-2.8127 -4.5851
4.1834 9.2140
1.9145 4.3793
-3.8407 -7.2519
-1.4038 -1.6425
-1.9394 -2.8651
-1.9775 -2.8875
0.6145 2.2441
2.9610 7.6116
-0.3005 0.4311
2.9117 6.1612
-0.8123 -0.6597
2.3953 5.7736
-1.4248 -1.8089
4.4982 10.6424
2.5015 6.4525
-4.8042 -9.4665
2.5517 5.7318
4.1180 9.9194
-1.5225 -1.9662
-4.2871 -7.4398
3.5509 8.6144
-4.0565 -6.9255
0.4957 1.9620
4.1553 8.5493
0.2201 1.4885
-4.4803 -8.3290
-0.5909 -0.1746
1.9119 4.6675
-2.3862 -3.9492
3.9591 9.7840
-0.4029 0.2020
-2.6798 -4.0021
-3.0406 -5.0514
3.4969 8.2103
2.4161 5.8616
1.6222 3.9399
-3.9291 -6.5503
3.3617 8.4759
-0.4508 0.1041
1.5063 4.3604
4.0442 8.8128
-3.8929 -6.3911
1.0383 3.1876
-4.8362 -8.4216
-4.0879 -7.0873
4.0567 9.8585
0.4762 2.0826
1.4421 3.7998
-2.6412 -4.4829
1.2057 3.2686
-4.2102 -7.1119
1.4575 3.7559
-3.2370 -4.9538
1.1892 3.6608
4.7032 10.7937
1.6919 4.1509
-1.6819 -2.3625
-0.4211 0.1669
-4.7505 -8.2974
0.2310 1.3798
4.8919 11.2641
2.2336 5.7656
-1.0306 -1.1021
0.9073 2.8820
0.7318 2.5928
0.0767 1.1561
-3.5445 -5.8813
-2.0905 -2.8638
0.0114 1.0394
-3.5813 -5.7581
-0.9362 -0.8191
0.9310 2.6619
3.0938 7.1954
-0.2940 0.3722
1.7412 4.4566
2.5718 5.5858
-3.1790 -5.2961
1.1964 3.1645
2.6993 6.4908
-0.7891 -0.6151
-0.6101 -0.2020
-0.1122 0.7342
-2.8317 -4.4265
3.3291 7.4315
0.0154 1.0121
-3.9727 -6.4095
-1.3564 -1.6810
3.2080 7.6770
-3.7716 -6.5994
1.4936 3.8732
2.3662 5.9178
2.1066 5.3996
-3.9467 -6.3853
4.5860 10.0493
-0.7631 -0.5721
0.6011 2.2332
-4.0122 -7.1334
-0.1688 0.6974
-3.4638 -5.6275
-1.9153 -2.9403
-3.6908 -6.1198
-1.5648 -2.1597
1.6306 4.3761
0.1620 1.2973
2.9667 6.5851
0.7660 2.7524
-4.3313 -7.5842
-2.5152 -4.0560
4.0868 9.4210
3.8951 9.0857
4.8981 10.6644
-1.7634 -2.3616
4.8742 11.1663
1.1386 3.5558
1.5208 3.9370
1.0135 3.1109
2.9779 7.4980
1.1045 3.1980
-1.2276 -1.4930
-3.2535 -5.4685
-4.4009 -7.1919
-3.4765 -5.4923
-1.1658 -1.2272
-4.8692 -8.6435
4.6537 11.2121
-1.8181 -2.7068
4.5560 10.9810
-4.7104 -7.6846
-1.0282 -1.0156
-2.2219 -3.7536
-1.3815 -1.5903
2.8045 6.1700
-0.5434 -0.0911
-4.4269 -8.3781
-4.5201 -8.2103
0.3081 1.6221
2.6677 6.8965
1.1463 3.4514
4.3243 10.0367
2.8158 6.9561
2.5490 6.5540
-1.7378 -2.7055
0.2198 1.5784
1.4558 4.2391
0.1124 1.1717
1.6210 3.8675
-2.6869 -4.6546
4.8257 9.9687
-4.1408 -6.6043
-0.8732 -0.7869
4.8528 10.7925
-0.1474 0.6814
1.1187 3.2881
-4.8878 -9.3978
2.6855 6.5524
2.4156 5.7380
-2.8265 -4.6958
-1.0268 -0.9866
-2.3744 -3.5510
-4.2136 -6.9896
-2.7988 -4.3766
-0.1501 0.7616
0.1530 1.3429
3.3901 8.2922
-0.8685 -0.7206
-0.9782 -0.8931
4.5269 10.5366
-1.6490 -2.4694
-3.6625 -6.1422
1.9544 4.5934
4.2277 10.3943
-0.1248 0.8194
0.0569 1.0372
-4.9537 -9.6716
-3.1153 -5.1517
2.7964 6.2277
1.1083 2.9826
2.9246 6.5206
3.3790 7.8270
1.8736 4.3505
-4.1857 -7.5160
3.0614 6.4521
-3.6522 -6.2476
0.6991 2.3179
0.7469 2.7151
-4.8390 -8.3362
4.3483 9.5574
1.1478 3.4017
1.6857 4.2675
-0.7823 -0.5235
2.0277 4.6475
-0.2930 0.3978
-0.9111 -0.8754
4.8864 11.0469
-0.1475 0.6636
-3.8274 -7.2938
3.5809 8.0601
-1.5802 -2.3053
-1.8362 -2.6934
-1.2247 -1.3118
3.6988 7.5693
0.3143 1.7219
-4.7484 -8.4075
-2.5164 -3.8625
2.2368 5.8712
-0.6762 -0.3634
-2.3855 -3.6086
-3.1059 -5.3625
-2.8552 -4.4877
-0.0511 0.8395
-4.6700 -8.1208
-1.2738 -1.5591
-1.4332 -2.0256
-2.2529 -3.6805
-2.3560 -3.4505
2.4452 5.3047
-3.6832 -5.8914
3.0308 7.6505
-1.9560 -3.0122
-1.5715 -1.9775
1.5934 4.5722
-4.6104 -7.5949
2.7214 6.4331
1.9008 4.6685
4.2725 9.4876
-4.3798 -7.0749
1.8747 4.5879
2.2569 5.2542
3.4653 7.5276
0.5380 2.2619
3.4240 7.1141
-4.5108 -8.6732
2.5880 6.0137
1.7600 4.6669
3.7443 9.2587
-1.6906 -2.1878
0.1850 1.4208
-0.4605 0.0775
-3.2050 -4.9899
3.4740 7.9350
-4.5357 -8.0094
0.2360 1.5829
-2.6730 -4.4852
4.0327 8.6629
0.4126 1.8825
-4.0132 -7.2306
3.5708 8.7885
-4.5726 -8.7681
-3.5796 -5.9561
-2.8250 -4.5822
2.7746 6.9471
-1.4239 -2.0042
-4.7468 -9.1165
3.3378 7.6751
-1.3680 -1.7654
2.8856 7.3465
3.7966 8.0194
1.7651 4.4163
0.4524 1.8132
3.9889 9.5712
-4.0051 -6.4075
-4.0906 -6.8667
-4.6576 -8.4068
-1.7583 -2.5764
-3.3393 -5.5762
4.9808 10.4320
-0.8451 -0.6788
2.5433 5.9431
1.9331 4.4734
2.7064 5.9400
4.1226 9.4484
-1.8932 -2.8734
-2.9528 -5.2402
-4.2712 -7.5421
0.8720 2.6382
0.4249 1.7276
1.4409 3.5314
0.9801 2.7978
-0.4998 0.0004
-3.3745 -5.8270
2.6492 6.3862
4.8330 11.2607
-3.5685 -6.2478
3.2770 6.9659
3.8113 8.8653
-4.2955 -6.9412
-0.2213 0.5424
2.3875 5.5294
2.3374 5.9488
3.1625 6.6906
0.3348 1.7555
0.6083 2.1017
-1.5347 -1.9581
0.5076 1.8184
-4.7890 -7.9474
2.3677 5.4021
3.3397 7.2405
3.3632 8.3535
-4.6688 -7.9670
4.1217 8.4986
-4.0507 -7.5032
3.5091 8.2868
0.2220 1.4765
-4.8363 -8.4017
-3.7082 -6.6607
0.9317 2.7109
2.2179 5.2270
-4.6297 -8.0238
-3.2383 -5.1663
-2.6756 -4.5055
2.1501 5.5504
2.7059 5.7834
0.8938 2.7073
3.7294 8.0188
-0.4601 0.0867
4.8393 11.2402
-2.4004 -3.7091
1.9067 4.9924
0.9674 3.0516
-2.2067 -3.4751
-2.2079 -3.7315
1.8377 4.9384
3.1128 7.2812
-4.2376 -6.8684
-1.3063 -1.7370
3.0624 6.7792
4.5833 10.0924
4.9373 10.5067
-0.7443 -0.5136
-0.6685 -0.3573
-1.6155 -2.3663
-0.4533 0.1004
2.6998 5.8715
2.5570 6.3193
4.9239 10.8531
-2.9693 0.2063
-1.2458 -1.8627
2.0867 -3.3859
-3.3650 -1.8027
-1.7604 1.7107
3.0901 0.2395
-2.8104 1.0780
-1.7161 2.6031
-0.3800 -3.3614
-1.4767 -0.0564
-4.2646 2.6469
0.0519 -1.9919
-2.2580 3.3887
0.6764 1.7981
-4.7249 -1.7154
1.1372 0.3826
-0.7639 3.3782
1.4530 -2.5702
-1.9388 -4.8052
-2.0922 1.0748
-0.6948 0.3879
0.5027 -2.7365
-3.7754 4.1994
-3.6957 4.3600
-2.7121 -0.1137
-3.9308 1.9763
-4.0696 0.1659
-3.1143 -2.1477
1.8350 -4.9055
0.4148 -2.0705
0.2141 1.6648
4.4182 -3.4491
1.3750 -2.7442
2.1856 3.7762
-0.7556 1.0573
-2.5164 1.4681
4.3599 -4.3082
3.0213 -2.8145
2.6163 2.7999
-4.3825 1.2908
4.0665 -4.2938
1.5563 1.5722
4.4795 0.1966
0.4524 4.4753
-1.9468 -4.7915
-4.1148 2.2872
-0.7847 -1.0148
-1.3247 1.8725
3.5253 -4.2691
4.8392 2.5805
-4.4615 -4.4928
-1.4286 1.4241
4.9907 0.0077
-0.8498 0.3009
-1.1935 2.3825
-3.9542 -2.2543
0.8961 -2.6196
-3.5368 2.5994
-1.2342 4.6009
4.3635 -3.3379
2.0037 -1.2141
-2.5707 -4.0320
2.4212 4.3456
-1.7336 3.0292
-1.3004 2.3021
-0.0721 2.9471
-2.9938 0.7357
-2.1243 -1.3831
-2.0741 -3.3867
-0.7016 3.8637
-0.2189 4.0200
4.3192 2.5858
3.3623 -1.3821
-2.1002 -0.0378
4.5808 1.5869
2.2305 -2.1103
3.6481 -3.5694
0.2325 -1.9187
-4.4723 -1.5256
4.6002 -3.6046
1.7221 -2.8376
-4.3453 0.5582
4.7914 -4.4882
-2.0515 -0.8265
4.4991 2.1158
-3.2658 3.7927
-4.9910 1.0148
3.7846 -0.3503
3.5054 3.1542
-1.6359 -1.7788
-4.0167 -1.2361
1.2812 -3.6198
-0.9958 1.5359
4.2805 -4.7451
3.8061 -2.6631
1.1908 4.7878
3.9394 4.4302
-2.9095 4.8106
-2.4170 -4.3304
-4.9588 -3.0474
-4.0955 -0.7659
0.9582 0.3708
-2.0069 -0.3672
2.7543 1.2591
1.4239 0.0256
-3.2045 2.9178
-2.1666 2.1035
-3.6415 0.6940
0.6350 -3.4290
-3.5574 1.2560
3.5605 4.2583
-4.6959 4.8320
3.5032 2.2317
-2.6720 -3.1244
2.5494 3.6013
-4.4361 -3.7094
2.0765 2.4347
-3.1588 -4.5212
4.9460 1.4970
0.1670 -4.4046
0.3815 4.1976
-2.2849 -3.2828
-1.2174 -4.1195
0.1215 -1.9546
0.1542 1.7160
-0.3107 -2.9556
-3.4583 4.7481
-2.8487 -4.6044
1.4517 -0.0821
1.0614 1.4093
-3.1765 -0.9498
3.6769 -4.4292
0.2772 1.3034
4.7454 -2.8542
-2.1452 1.2971
4.4908 -1.0544
1.0761 2.9611
2.7649 3.7904
-4.3652 2.8008
0.9116 2.0248
3.9976 -0.7933
0.0979 1.4386
0.3283 -4.2169
2.9858 -1.1925
1.5510 -0.6231
-0.3694 -0.9305
0.5732 -2.2621
2.4303 -2.6865
0.1432 2.3790
-3.7922 3.7940
-2.3191 2.7249
4.2486 -4.6417
0.8940 0.5432
0.3922 0.8817
4.3727 -2.5381
-2.4437 -1.0161
4.1190 3.0678
0.5712 -1.9816
2.3868 -0.1037
1.8432 2.8129
-3.6029 -0.5002
4.7349 3.3324
-0.7546 1.7667
-4.2379 -4.1337
-3.9207 4.8072
4.7224 0.6643
0.7035 -2.9232
-0.1618 -4.0439
1.4499 -4.3748
-2.8180 -4.7422
1.9490 -1.6587
-2.5424 0.5681
1.3362 3.4594
4.6014 1.2675
2.2642 0.9986
4.6966 -2.8936
2.6214 -2.4609
0.2510 1.5197
-0.5321 -1.7108
1.3836 0.2317
-1.9286 -3.7528
-0.5659 -0.4730
1.6527 4.9260
3.2228 -1.0077
-1.8098 -4.3809
1.5705 -2.0704
0.0540 0.5227
-3.4255 2.4013
-1.9492 -1.8160
-3.9490 -0.0614
3.7062 1.2867
1.7895 2.5315
3.2688 1.9389
4.4607 -3.6312
1.3060 4.0696
0.1340 -1.2112
0.5599 0.2962
4.8743 4.8862
1.2690 4.5821
3.5202 3.1765
-0.0975 -0.7610
-4.8004 3.1798
-2.5617 -0.5550
0.5008 -1.1974
-3.9843 2.0724
-0.2569 -2.6108
-3.2547 -3.2423
-1.7462 -2.6185
-3.8961 -2.1641
-0.7176 -4.5935
2.1899 0.5142
2.6762 4.4250
4.2719 2.8784
2.5695 -2.5857
-1.6750 1.9598
3.8056 -4.8474
0.2561 2.6855
-2.3266 -1.6811
-3.3178 -1.7767
-4.5499 2.6544
-3.2923 -1.1584
4.2578 -2.8137
-3.9138 0.6332
3.3415 -2.7937
-3.4818 -3.3736
3.5588 -1.0036
0.9857 -4.7961
-3.0223 -0.7673
2.9753 -4.9673
2.8739 -4.5514
-4.0441 -3.1088
-3.2855 -2.9866
1.0281 1.0035
-1.7490 -2.6828
-2.3272 0.6655
2.8930 0.5075
1.1661 -1.6199
1.8646 4.8992
1.9743 -3.5164
4.3202 3.5129
-3.7981 2.8718
1.0689 0.2430
-0.1013 -4.8116
0.2970 -2.3655
-2.7813 4.9859
2.4818 2.1054
-2.4185 -2.8191
-3.0089 1.4161
3.7152 -3.7893
-4.7281 0.5668
-4.6366 2.8797
-0.6201 -0.8550
-4.3431 -4.1634
4.7939 0.8711
1.2890 1.3927
1.5633 -3.7485
-1.7209 3.6526
-0.2450 -0.1222
-4.8376 -2.2398
-2.9997 -1.8853
3.5849 1.6657
-4.3246 0.0010
-1.8925 -0.5586
3.2662 -1.7442
1.1187 0.6592
4.1460 -4.8478
3.8411 0.5283
-2.5469 4.3582
4.5820 -0.1823
-0.4770 -1.7152
3.8856 3.0308
-0.3515 -3.5653
0.8522 -4.2138
-4.8832 -0.5459
2.2844 -0.3449
-0.8470 2.3668
-3.8136 1.9904
0.9626 0.3309
-4.9531 -2.9368
4.3945 -3.4303
1.9141 -0.9776
-2.2820 -0.6242
2.5374 4.7506
1.5833 4.2674
-2.1629 -1.9194
0.3561 3.6258
-4.3978 0.6023
1.7743 0.4416
4.2288 3.4228
-0.3336 2.8797
-1.3119 0.3637
4.1739 -4.9817
-4.8843 -1.2985
4.2924 -0.6388
1.9342 1.3320
3.2124 -3.5322
3.5774 0.6537
-3.8942 -0.9688
2.0500 -4.4602
0.5167 -3.6402
