-3.4110 -3.1222
-2.3166 0.0556
2.5712 15.4853
1.0917 10.6084
4.6693 20.6262
2.7332 17.3030
0.7286 10.0758
-0.4978 4.6980
-2.1294 0.5459
2.5239 14.4965
-4.0564 -5.2943
-3.9321 -4.4986
2.3489 13.7892
-1.4541 2.5573
0.8063 8.3941
-2.0114 1.0968
2.1368 12.8474
-1.3951 3.0991
2.1846 11.6888
4.9532 21.3602
-4.1630 -4.7902
-0.3179 5.7085
-4.0620 -5.8798
2.2517 15.2180
4.1205 17.4651
-4.1359 -5.4658
0.1995 7.1310
0.5263 9.6158
1.8515 10.9778
-2.0035 1.0750
1.0188 9.0741
-3.0150 -2.1798
1.5676 10.7618
1.9836 11.8129
-0.4032 5.2973
-3.4234 -3.7379
-0.7821 4.4886
0.9605 10.2827
-1.7767 1.4428
3.3073 15.5617
-3.7731 -4.8052
-2.4882 -0.4590
4.3761 17.1275
1.5521 11.5337
2.5291 16.0055
3.1086 18.1471
-4.5157 -6.1565
-0.8529 4.0895
2.2549 15.1339
-3.6096 -3.7572
1.3256 11.0001
-2.5317 -0.5389
3.3997 15.4010
3.3667 19.1871
-0.4693 6.4188
-1.0524 3.7160
4.6160 22.8918
-4.9182 -8.8110
-1.0156 4.4202
-0.1223 7.3118
1.1814 11.1239
-4.2999 -5.3188
-3.5731 -3.4265
1.5423 11.3976
-2.8168 -1.2438
-3.8087 -4.1188
-4.5686 -7.6719
-3.3444 -2.8628
0.1111 7.4910
3.6727 18.6216
2.6626 16.7933
-3.6505 -3.8282
-4.3508 -6.4024
1.7244 11.0941
-0.1779 5.6182
-0.0458 7.1145
-1.8652 1.4837
-1.7650 1.6011
4.0910 19.6868
-0.4966 5.2063
2.4864 15.8016
-3.1475 -2.3438
-4.1508 -5.7775
-2.9297 -1.8607
0.5892 9.9894
1.6170 10.7873
4.3921 20.7707
-4.5975 -5.9443
-3.3634 -3.1314
-0.6188 5.6778
-1.7433 1.5261
-4.1007 -5.0306
3.1032 17.3339
-1.0044 4.4177
1.5531 11.6626
0.6684 10.3419
-4.9688 -7.7371
1.5135 10.7351
-1.8290 1.5006
-2.3407 -0.0197
-0.3955 -0.3028
1.2316 -1.9370
3.0185 -0.6063
0.6116 -1.9314
-4.7520 -2.2499
2.9354 -3.6125
-2.2691 -3.3345
3.2291 -0.0605
1.8855 -4.1342
1.0390 4.2684
-1.1305 -3.5152
-4.3446 -3.3952
4.9859 2.1772
1.6104 1.7489
-2.7083 -1.4148
-4.0775 -4.0954
-2.5902 -4.9175
4.0257 -1.2722
-2.8265 2.8831
-0.2048 -0.5271
4.0923 -4.0038
-3.0622 3.0583
-0.5201 1.5945
1.1780 -0.4764
0.9421 0.3336
1.6588 0.2666
-2.3232 1.2968
-0.7613 1.4656
2.9932 -3.0817
4.3231 3.0173
