-4.4286 -12.1666
2.9449 17.4209
2.7485 17.5085
0.0902 5.1277
-4.7425 -14.9590
4.7553 25.9492
-2.5763 -5.6636
4.0101 22.1021
-0.5162 2.7939
-4.3721 -13.6050
-4.0074 -11.7954
-1.3150 -0.2779
0.1353 5.8484
-1.1993 0.2018
-4.9830 -15.9809
2.1758 14.8793
-1.5492 -1.0831
1.5639 11.7712
-3.3067 -8.1712
1.2115 10.0256
-0.7539 2.1767
1.7708 12.9219
-3.2119 -8.5958
3.8746 19.8622
-3.4007 -8.2196
-4.0215 -10.6791
2.6144 14.9521
3.9408 20.9628
-2.5227 -4.8722
0.9723 9.6287
-4.2338 -12.3427
-2.3345 -4.5858
3.4633 17.6579
1.8406 11.4744
-0.1258 4.0972
-1.4322 -0.7459
-2.8667 -6.5829
-2.7116 -5.7003
2.6478 14.1027
-1.0386 0.7881
3.2266 17.9306
0.2503 6.3458
-3.9726 -11.4612
-4.5162 -14.1996
4.3888 23.8868
1.1474 9.5017
4.9190 23.9080
-0.2322 3.7722
4.8266 24.6040
0.7207 7.4217
-2.6750 -5.2646
-3.8298 -10.8717
-3.6962 -9.7013
2.4182 15.3357
-3.6169 -8.7228
-3.1285 -7.4225
-1.0352 0.8689
-1.6400 -1.6711
-0.4128 3.6246
-3.9708 -10.5598
-3.2953 -7.9724
1.4140 9.8082
2.8768 17.0276
-1.2764 -0.0997
-1.9340 -2.9366
3.9764 20.4598
2.2439 13.8468
-0.9330 1.1874
-3.1364 -6.8927
-4.4842 -13.6729
4.4396 24.1326
-0.7938 1.8115
0.9614 9.4693
0.1354 5.6810
3.9583 19.5018
-3.1417 -6.8555
-4.0650 -10.4262
-4.4344 -12.2680
-4.5236 -13.7009
1.8272 12.9808
-0.2449 3.7376
4.2701 23.3868
-0.8864 1.3572
3.7001 20.6600
2.1000 12.2705
4.4237 22.2129
-0.1983 4.4726
-0.6539 2.3987
0.1207 5.9735
0.2449 5.7604
-0.3095 3.8209
4.5854 21.8956
3.5610 18.8293
-1.9447 -3.0558
2.2032 13.3811
3.5462 20.7524
-1.9231 -2.7988
-3.4320 -7.9071
-4.2289 -11.8711
2.4809 15.4517
0.3421 6.2443
-0.4608 2.9384
2.9243 16.9013
-2.8122 -6.8105
-1.9349 -2.9913
2.3154 15.6590
-0.4007 3.6253
-0.9496 1.2387
-2.4831 -5.2968
0.8114 8.8457
3.0833 18.2411
-4.4957 -12.1135
-3.5125 -8.2890
-0.0859 4.6647
3.9169 18.9856
-1.8698 -2.4484
-2.1717 -3.5483
-4.3529 -12.1115
-4.3948 -13.8262
0.7909 8.7667
3.3696 20.1338
-1.5261 -1.0500
-1.5157 -0.9669
-4.5847 -14.2242
-1.0868 0.6774
3.6631 20.0297
-4.7474 -13.1915
-3.2862 -8.2022
3.3093 16.6168
-4.8717 -14.2870
-0.3331 3.4407
3.3162 17.6358
4.0027 22.8497
0.0705 5.6491
3.3873 17.6476
0.6766 7.5170
2.7396 16.7038
-1.8728 -2.6318
-3.9241 -9.6516
1.9458 12.0718
2.4175 13.3998
-1.0307 0.9133
-1.5341 -1.2220
-4.4564 -12.2549
-1.2513 -0.0055
-1.3314 -0.3022
-2.1583 -3.5421
4.1439 23.0249
1.6015 11.8524
-0.7447 2.1001
1.2510 10.7110
1.0012 8.6349
4.8051 24.9516
2.6433 14.9460
2.1890 14.9794
3.8066 21.3624
-4.8935 -15.5214
0.7154 8.2328
4.7160 25.2658
0.3363 6.2248
-4.3728 -11.5685
0.6470 7.0712
-2.7187 -6.2470
-0.5942 2.3769
-4.0109 -11.1409
-3.7288 -10.5569
3.0163 18.5955
-2.4512 -4.7665
-0.0007 4.5669
0.2300 5.9463
-4.8040 -13.3511
3.7701 19.2721
-0.3990 3.7280
4.7994 22.5778
0.6947 8.2105
3.7430 19.3386
-2.5848 -5.3114
-3.8244 -9.4743
-3.4860 -8.1571
-4.4051 -13.5332
-2.9979 -6.3917
3.6824 21.2402
2.7087 15.4988
4.3187 22.0078
-4.1925 -11.4185
-4.3011 -11.0629
4.7731 25.1791
0.2170 5.6961
2.8770 16.9737
-1.9025 -2.7516
-3.8148 -10.6227
-0.1457 4.4046
-0.8472 1.7117
4.1584 19.7991
-3.4054 -7.8084
-2.9639 -6.7645
-3.4991 -8.3549
4.5770 24.7438
2.4868 13.4578
-2.9355 -6.1975
1.6570 11.4459
-2.8044 -5.8881
-0.5070 3.2432
4.4037 22.0337
0.8194 8.2632
-3.5227 -8.6682
1.2953 10.3366
-3.1570 -7.6585
-4.1711 -12.8033
-2.8607 -6.6500
0.2644 6.4769
1.6670 10.7047
-0.4100 3.3081
-2.8454 -5.7963
-2.7972 -6.3154
3.9009 21.5573
-1.9845 -3.0452
-2.4994 -4.5588
3.9662 21.6012
-3.8027 -9.8169
1.6520 11.2557
-1.7253 -1.9872
-1.7391 -1.8025
3.2549 17.1276
0.5021 6.9229
1.4478 10.9793
3.4513 18.0793
0.9500 8.6864
-1.6901 -1.6938
-2.8859 -7.0880
1.2569 10.3452
-2.3694 -4.1882
4.7565 24.7232
-3.3864 -7.7515
2.9454 17.7302
4.2443 19.7875
-0.3369 3.5680
1.1357 9.8718
-0.8951 1.2888
4.6922 23.4588
1.5320 10.4033
2.7141 16.1203
-0.8483 1.5077
-3.5093 -8.8269
-0.0568 5.1376
3.4869 17.0600
1.7779 12.5479
-0.5407 2.7137
-0.0292 5.1970
-3.4387 -8.3944
1.9787 12.6308
-2.9531 -7.4269
1.7737 12.9060
-3.7549 -10.8016
0.9547 9.5818
2.7292 14.7369
0.7958 7.9350
1.8393 12.8853
-0.7270 2.1445
-2.2319 -4.1899
4.7804 22.7732
4.6492 22.7440
2.2805 13.3296
2.2478 12.6704
1.4496 11.1878
-4.1415 -11.0713
0.2790 5.5422
3.5154 18.2400
-2.9001 -6.0899
3.2674 16.5215
-2.9359 -6.8529
-0.2450 3.6267
-2.0007 -3.2091
-1.5503 -1.0970
4.2795 22.0476
-4.6988 -12.8637
2.2004 13.5860
-1.2378 0.0522
0.8803 8.7877
-1.7005 -1.9688
3.6493 19.1885
3.5495 18.8600
0.4810 7.3107
-4.5659 -14.3300
0.3358 6.5580
3.2527 16.8270
0.6627 7.3752
-2.8076 -5.9454
-1.7666 -1.9552
-4.3496 -12.9004
-1.2618 -0.0453
-2.4147 -5.1004
-2.3940 -4.9076
-0.2751 3.9928
-4.0517 -12.0571
-4.3685 -11.9930
3.1648 18.1049
-4.3155 -12.5907
-2.0236 -2.9715
2.8757 16.7766
-0.4363 2.9995
4.1018 22.6847
0.5067 7.5540
-0.7078 2.2328
-1.0095 0.8765
-4.3670 -13.5617
2.1619 12.4411
2.1992 13.1047
2.4117 14.2811
1.8937 12.3575
-2.3958 -4.2765
-4.9013 -15.8962
-1.4990 -0.9219
3.9616 21.9112
2.4324 15.1423
-2.0601 -3.1152
-3.1566 -7.0402
-3.3704 -9.2545
-4.2421 -12.7443
-0.6302 2.3067
-2.2838 -4.0466
-2.6289 -5.4747
-3.5345 -9.5727
-0.2918 4.1210
2.2859 15.4839
-1.0860 0.6854
-3.4398 -8.9747
-3.5841 -9.9751
4.0452 20.6640
-1.4758 -0.9753
-3.4054 -9.1195
3.7188 21.5001
3.0371 16.8790
2.3415 13.1324
-0.0783 5.0688
-0.9816 1.0979
3.6260 20.4806
-3.1916 -7.8914
4.2557 24.2009
3.2204 16.6865
1.8658 12.9836
-0.3084 3.5154
3.8794 18.7913
4.8236 24.9458
-4.6766 -13.8477
3.2477 18.9706
1.5932 10.3603
-0.5172 2.6654
0.7372 8.0800
2.9792 17.8022
1.3276 9.6613
2.8970 16.7075
-4.4044 -12.8036
-1.1059 0.5883
-0.7977 1.6432
1.6407 11.0313
1.3447 9.7124
3.8530 20.5253
1.1151 9.9051
1.1535 10.4170
3.7716 18.2007
2.6686 16.6909
2.5009 16.0461
-3.8438 -10.3121
-2.9591 -6.6591
-3.8374 -9.4712
3.4146 17.4268
-1.1843 0.2720
-0.4595 3.2188
-4.2611 -12.4487
-4.7484 -13.8542
4.6111 24.8135
-3.4161 -8.5876
4.3364 24.1086
-2.6323 -5.0567
-4.2445 -12.3023
1.7256 12.6369
-4.1567 -11.2109
-4.3783 -12.6036
1.9517 13.7444
-4.9794 -15.0197
-3.4314 -9.2381
-2.2545 -4.0873
-1.8477 -2.5733
2.1404 13.4073
0.7179 7.2310
0.1519 6.0894
0.7733 7.9614
-4.9506 -14.8813
-1.4777 -0.9454
0.4473 6.1847
-4.0794 -10.9562
-2.2768 -4.3475
0.9073 7.7775
-4.9537 -13.4940
-4.6925 -13.1478
-1.2329 0.0663
-3.3448 -8.8504
-1.9378 -2.5798
-2.3003 -4.1224
-1.9279 -2.8168
0.8402 8.9118
0.3852 6.6011
2.9067 17.9980
-1.2728 -0.0989
2.5201 15.4379
1.5258 12.0147
0.5194 7.6351
3.5092 18.4478
-0.7475 2.2095
0.7440 8.5986
2.6825 15.3017
0.3951 6.9529
4.8427 23.5340
-3.9441 -10.0367
-1.9900 -3.1016
-1.2015 0.1993
-0.2728 3.9867
-2.7743 -5.7809
-1.7926 -2.0758
-2.7315 -6.2800
-4.7824 -14.3754
-4.8453 -13.8109
2.8385 15.6871
-4.8135 -13.4707
4.0273 21.1321
-3.0340 -7.2286
1.0903 8.5542
0.2287 5.5173
2.0673 13.2971
-1.4680 -0.8794
2.5889 15.3866
0.0558 4.8281
2.6577 14.5548
-1.3747 -0.4897
4.2502 22.8528
4.0110 22.2257
0.5171 7.2614
0.2103 5.9366
-3.2098 -8.5833
1.0892 9.4124
2.2796 13.5208
3.7594 18.8202
-0.2668 3.7090
2.5221 14.9004
-3.1895 -7.8619
-4.7866 -15.3224
-3.7073 -9.4676
3.6005 18.5524
2.9671 17.2695
-3.1241 -7.0772
-3.2878 -7.6167
1.7557 10.8599
-1.0011 0.9990
4.3553 20.1898
-0.2376 4.0948
-0.9776 1.1016
-3.0998 -6.7683
-1.6293 -1.4861
-0.5902 2.7829
-3.6202 -9.6182
4.8034 23.7441
-0.6035 2.5981
3.0384 16.7848
3.1767 16.1733
-2.6847 -6.0586
1.4126 11.2133
-2.4219 -4.7519
-3.7589 -10.2655
-0.9294 1.3051
-4.3231 -12.5790
-3.9024 -10.0574
0.2956 6.5422
-2.8850 -6.8089
-4.7403 -14.6255
4.9412 22.9739
2.4464 13.3233
4.8224 25.4481
4.5138 24.4883
-0.2839 3.9143
4.8754 22.3241
3.5292 18.4405
-1.9092 -2.8656
4.5174 24.6970
-3.8635 -10.8446
-3.8273 -9.6230
-4.9930 -15.5102
-1.9684 -2.6321
-1.3082 -0.2356
-3.7966 -10.1029
2.1191 13.9214
4.5751 22.9935
-1.7771 -1.9106
2.8898 16.3686
1.7149 11.7813
-3.9039 -9.5759
2.2396 14.2197
3.8260 19.4985
-4.9951 -15.9568
-3.9806 -11.8308
-1.2962 -0.1760
4.1469 20.7069
4.9899 22.9252
-3.2951 -8.5497
-3.2738 -8.4474
-3.9693 -11.1401
1.0615 9.0168
-0.8811 1.5142
-2.4422 -4.7852
-2.9832 -7.1409
-3.1231 -8.0487
3.8377 19.6631
1.3141 10.3746
1.2243 8.9640
1.5827 10.6982
-3.2292 -8.3688
1.2585 9.6143
3.7646 18.2818
-3.2180 -8.1850
1.4557 11.1224
3.8412 20.9665
-2.4948 -5.3604
0.8622 7.8812
-0.1313 4.6241
3.3909 18.1298
-4.4832 -13.4328
2.3947 14.0079
0.5452 7.3955
-0.7053 2.1177
2.7972 17.5257
-1.0333 0.8474
-1.4277 -0.7361
1.5947 11.9539
-1.0583 0.7208
-3.2152 -8.1412
-4.4570 -13.5748
-2.5288 -5.3466
4.0181 19.7036
4.8244 22.3695
-0.1589 4.6415
-3.5525 -10.0944
0.1167 5.7418
4.9353 26.7686
2.6257 15.8392
4.6602 23.4480
4.2988 20.1795
-2.6351 -5.6508
-4.0248 -11.7238
-0.9023 1.4795
-3.6883 -9.2129
2.5457 15.8899
-1.5190 -1.1141
-0.5022 3.2738
-3.0066 -6.9024
2.3652 13.1628
-2.9663 -6.6117
2.6816 15.1438
-2.5872 -5.3410
1.1373 8.7007
-1.5423 -1.0744
2.2263 13.1796
-3.8278 -10.8935
-3.1921 -8.3415
-3.0614 -7.4251
-1.3945 -0.5587
-0.9561 1.1220
-2.7422 -5.4101
1.6906 12.6311
4.5721 22.1131
-0.6833 2.4867
3.0381 15.8750
2.9819 17.0391
4.9524 24.2072
-2.8820 -6.8983
-1.7098 -1.9916
2.6234 15.0633
2.5676 16.5257
4.6128 21.6647
0.6989 7.0704
1.0851 10.0959
-1.3491 -0.4305
-1.5645 -1.2807
0.9999 8.2012
0.2563 6.4857
-0.1503 4.7061
1.5565 11.3803
-4.6175 -13.3637
-3.1008 -6.7629
4.2875 21.6324
0.8298 8.7192
-4.8459 -14.4478
-2.0632 -3.2509
-4.5474 -14.0606
2.9473 15.1667
2.1137 12.8197
0.3636 5.9922
0.8679 7.6805
-2.8905 -6.2856
-0.8608 1.6792
0.1582 5.2533
3.3833 20.3459
1.5991 10.5561
-0.1882 4.2193
3.5276 18.6143
-0.1847 4.3954
-2.2770 -4.4151
2.3120 13.6633
4.6947 22.6984
-1.2438 0.0228
-2.6140 -5.1137
-2.5730 -5.5670
-4.8106 -15.4092
4.8265 25.0092
3.0262 17.1645
0.6349 7.8434
-1.1117 0.5028
1.5253 11.9676
4.9371 25.6027
2.1377 12.6424
-3.9763 -10.9109
-0.5271 2.9100
1.9279 13.0271
-1.6704 -1.8380
4.2175 22.1725
1.3249 10.4596
4.3219 24.2375
-0.7408 1.8582
-1.9951 -3.0752
3.8903 18.9138
-4.8263 -14.6160
-3.5194 -9.6304
4.5916 21.1809
2.1447 13.6383
-1.9353 -2.6304
3.2810 18.7062
3.0789 17.6541
4.0926 19.4962
1.4281 11.5506
1.2869 11.0675
-3.8153 -9.6062
4.1897 19.9031
1.2398 10.9313
-2.4242 -4.6289
4.5130 24.2462
-4.5379 -14.2648
-4.7907 -15.2170
-4.1195 -12.5417
0.1784 5.4815
3.7866 20.9929
-0.9782 1.1744
0.6132 8.0107
0.9816 9.5129
-4.2495 -10.8827
-1.0851 0.7132
-1.4501 -0.8211
-2.5521 -5.2841
-3.9197 -11.1876
-3.8771 -10.5257
-2.3280 -4.6264
-2.3361 -4.0317
4.3608 23.1486
-3.1382 -7.6934
0.0744 5.3116
-3.5241 -8.6316
4.2070 23.8951
4.2946 24.0246
-3.6325 -9.8197
3.7157 18.3155
-4.8764 -14.5482
2.2204 13.8288
3.7859 18.4037
-1.1255 0.4868
-2.5357 -5.4567
-3.8828 -11.1348
3.4678 17.4369
1.5966 11.1859
2.7966 17.1514
-1.4144 -0.6250
-3.1586 -7.7682
-4.8982 -13.2407
-4.1409 -11.9835
-1.7053 -1.9404
-1.9917 -3.0854
0.0657 5.1068
-1.1339 0.4632
4.3730 21.5208
-3.4046 -8.2150
2.7971 17.0461
-3.2254 -8.0349
3.0529 17.3445
0.6238 8.2309
-0.2993 4.0077
-1.4039 -0.6261
-1.2823 -0.1365
-1.1713 0.3180
-2.4369 -4.3455
4.7204 23.7588
1.6056 12.2215
0.0529 5.1104
-3.0198 -6.7065
-3.9562 -10.9145
3.8841 19.9981
-1.3704 -0.5065
-0.4629 3.3180
-4.3521 -12.0268
3.5076 20.8097
-2.2057 -3.7124
4.1192 20.1589
-4.4023 -11.5779
1.1597 9.2786
0.6394 8.2505
1.6827 12.0557
-1.6456 -1.4899
-4.6221 -13.0381
-2.1421 -3.4565
4.3125 24.0070
2.9985 17.0082
-1.6893 -1.7789
2.3742 15.3357
0.6744 7.4681
-4.8394 -13.5540
-0.7449 2.1510
-4.7062 -12.6526
2.8418 14.9994
4.8081 23.3104
1.8994 13.4935
2.7969 16.1042
0.9798 8.6056
-2.1539 -3.5867
2.4625 15.3675
1.9387 12.9439
-0.5748 2.8861
-0.8087 1.6154
-3.4923 -8.5384
0.4029 6.8597
-3.0364 -7.0491
2.4918 14.4396
2.1566 12.3893
2.0450 12.6800
2.3629 14.2394
1.5669 11.5279
3.9110 19.5828
-0.0892 4.9633
-1.5822 -1.4307
4.6271 25.5219
-3.7506 -10.1275
-2.9139 -6.3933
-3.4503 -9.2767
3.0760 17.3292
-4.3263 -12.5824
-0.0940 4.7967
0.9842 8.1930
-1.3498 -0.4163
1.8856 12.0366
3.5691 18.2477
4.0064 20.2579
4.5150 22.0545
4.0005 19.9541
-4.9346 -13.6288
-4.5807 -13.7707
3.7089 18.9565
-0.5560 2.6359
-0.5746 2.7388
-1.6940 -1.6167
4.3967 24.0468
2.1284 12.2621
4.3891 21.5059
0.3096 5.9914
-4.7820 -14.5865
3.2039 18.2637
-2.1250 -3.6488
3.6738 18.8122
3.6021 21.3341
0.5063 6.7449
-0.4276 3.2904
3.5002 17.6037
-1.5222 -1.1754
-2.6154 -5.1753
-4.4906 -11.8402
-3.6504 -9.3436
0.7813 8.9200
4.0437 19.9552
2.7117 15.1733
2.0414 13.1778
-0.7759 1.9460
4.5786 22.8162
2.5559 15.7715
-1.3400 -0.3332
0.5061 6.4208
-2.7857 -5.5843
-2.4406 -4.8136
2.3525 15.5365
-1.8445 -2.4190
-0.7759 1.9082
2.4844 15.3680
-1.4691 -0.8602
-0.5354 2.7219
-4.6606 -13.9406
2.2801 14.4956
1.2138 10.3661
-3.7421 -9.4377
-2.8454 -6.1121
-1.9162 -2.4105
-4.6905 -13.1879
-2.9854 -6.7392
-4.3257 -12.6710
-4.9985 -15.3166
1.3643 10.9929
3.0275 18.4255
-1.0566 0.8347
-2.3726 -4.1116
-2.1617 -3.6657
2.1364 12.3135
-3.0586 -7.6634
0.8008 7.8994
-2.5253 -4.8313
4.3591 21.3927
0.6456 7.0400
3.7961 18.9485
4.9268 26.3544
4.4625 23.9702
-0.2162 4.3367
-3.7501 -9.5321
-4.3584 -11.4724
-1.1334 0.4245
0.5825 7.0016
4.2243 22.5863
4.3431 22.9393
3.2481 18.2592
-3.1642 -7.1979
-1.0689 0.7112
4.1278 20.5833
0.3417 6.7922
-0.4854 3.2159
-2.1440 -3.8378
1.2277 9.7463
-3.1823 -8.1040
4.2715 20.1862
2.1397 14.8022
3.3237 18.9796
-0.0352 4.6261
4.6322 24.6375
3.4331 18.6525
-3.8610 -11.2198
4.3618 21.6505
1.8836 12.6876
-1.9289 -2.5775
3.6065 18.0061
4.4846 21.7346
1.8184 11.9390
0.6320 7.8110
-3.5003 -8.1712
4.8621 25.3713
3.1502 16.7590
4.1222 23.0213
1.8397 12.4726
-1.9697 -2.8560
2.3180 13.2805
-2.2379 -3.7586
1.1524 9.4013
-2.0515 -3.5038
0.1828 5.7533
2.3892 13.4532
2.4402 15.9857
-0.9654 1.1285
-3.3907 -9.2559
-4.7760 -13.5170
-3.9412 -11.3724
4.3200 20.3011
1.1555 9.0698
1.3328 10.9028
-4.9331 -15.3124
-2.8513 -6.9279
-4.1900 -12.0160
-3.3854 -8.6175
-4.0820 -11.9013
-3.6587 -10.3616
-4.2820 -13.0833
-2.3115 -4.5483
-4.5993 -13.8883
2.4408 14.4904
4.4483 20.7321
-2.7864 -5.8241
1.0057 8.1455
-0.6391 2.3859
-3.2644 -8.7137
-3.0511 -6.9213
-3.1088 -7.9814
4.2989 20.6294
-0.0946 4.4460
2.9632 16.5774
-3.1520 -7.1670
-2.7222 -6.2036
3.4981 18.0144
-0.0571 5.1400
4.8574 23.4404
-3.2777 -7.6092
4.5010 24.0353
-1.1766 0.3202
-0.5237 3.1386
-1.4011 -0.6286
-3.5553 -9.7994
3.1664 18.9602
-3.1829 -8.3318
3.3297 17.3313
-0.9370 1.2835
-0.7855 1.7629
0.3325 6.2576
-0.6968 2.3378
-4.9758 -15.5465
1.6466 10.9946
-2.4321 -4.9534
0.9192 9.3846
-1.4215 -0.7330
0.4805 7.5749
2.8069 15.0684
0.5888 7.8802
-1.9831 -3.0860
-0.3939 3.6029
4.2092 21.6595
3.8618 19.9732
3.7947 18.5946
4.7034 23.6016
2.5231 14.0274
-4.8446 -13.7847
4.9234 24.1031
-0.4424 3.5048
0.2050 5.4631
-4.1111 -11.7992
2.8510 16.0572
2.1769 12.8674
0.4540 6.1777
2.4414 15.6567
1.8732 12.0265
1.1129 9.9185
-4.1766 -11.9185
-1.2300 0.0768
-0.9503 1.2744
1.8738 13.4760
-0.9499 1.2221
0.5447 7.6312
1.1827 9.8379
-0.8254 1.8053
3.4488 17.0598
0.5151 7.5525
3.1315 16.1747
-1.8460 -2.2179
3.5936 20.2581
-2.8263 -5.9296
-3.8464 -10.8802
-4.1413 -12.4144
-3.4537 -8.3018
3.0218 17.8690
4.6447 24.1132
-3.0321 -7.1468
2.7805 17.6031
-4.7352 -13.0609
-3.8612 -9.8197
-3.1338 -7.7749
4.2541 23.0690
0.4971 6.8128
-4.6883 -15.0626
3.7656 18.1973
4.5021 22.2181
-0.1720 4.4422
-0.6710 2.1027
1.1981 9.0787
-2.6974 -5.4872
2.0055 13.9579
4.8099 26.2491
-3.3648 -7.6263
1.3078 9.7120
1.4179 10.9058
1.3653 11.4748
4.8721 26.8361
-1.1309 0.4879
-2.3828 -4.9373
-0.4219 3.2287
-3.8563 -9.8570
-1.4190 -0.6850
2.8535 16.6112
-1.9488 -2.6730
2.3067 15.2860
1.4508 11.5499
3.3937 19.1244
0.2061 6.0850
-1.1859 0.2444
1.1925 9.0312
1.0476 8.5486
0.3555 6.6379
2.3011 13.7401
-1.2369 0.0538
-3.7826 -10.6882
-1.3308 -0.3382
3.1078 18.2549
3.9770 19.0678
-1.5329 -1.0697
-4.8410 -14.2670
-4.7122 -14.9537
3.4964 19.1537
4.3956 3.7565
2.6271 1.7225
4.6580 -4.2962
-0.0728 -3.7553
0.5494 -0.7463
1.5224 2.8267
4.7313 0.8915
4.0373 -0.2786
-4.7496 -4.6621
0.7432 -3.1993
2.2938 4.3182
-3.4833 0.9076
-4.5052 0.0634
0.3494 -2.8156
-4.6013 4.5205
-0.0002 -1.3774
-2.8967 -0.4145
-0.2401 3.3081
1.5405 2.9067
-4.5103 -0.5898
3.5831 1.2403
-4.6049 4.5551
1.4055 1.6348
0.0643 -2.3351
0.7712 2.2315
3.7905 0.6108
-3.1565 4.7298
-2.9854 -1.9913
-3.6804 -0.0298
3.2221 -2.1605
2.3534 -4.2579
3.9349 -3.8860
-3.4032 -4.2469
-0.7771 4.9619
1.2891 0.9960
0.9678 2.8897
-2.0426 3.6127
2.8202 3.2707
-1.1823 4.3692
4.8477 -4.6415
-2.9487 -3.6029
2.7975 2.2544
3.4502 3.7209
-0.3871 -1.2590
1.7913 -2.8381
2.9715 0.7601
-2.6443 -4.7435
2.5223 -4.5650
4.2006 4.3345
4.9464 -0.9835
3.8296 2.8492
0.0340 -2.5737
-4.9412 1.0854
-4.8491 3.9318
-4.0406 1.2942
2.8696 4.2415
0.5359 4.9580
2.1952 -3.4991
-2.7152 -4.7520
-4.8731 4.1126
-3.7978 -3.5200
1.3298 -4.1006
-4.8479 2.1569
4.4027 -3.2499
4.9957 -3.4028
-1.2178 -0.2107
3.9521 4.4873
0.9005 2.4107
3.3506 1.7233
-0.1765 -4.2965
-4.4056 -1.9389
-0.3966 4.3683
-1.8129 3.5694
4.1016 3.9085
3.9786 0.8859
1.5117 -3.3741
-2.5395 -3.2395
-2.6598 2.4756
0.4843 4.4529
-1.0718 1.5798
2.5479 0.4383
-1.0743 0.9765
-2.3458 -2.6540
-1.5311 3.1977
4.3426 2.8850
-1.2615 0.8906
-0.1747 -0.6374
-2.6179 0.4974
0.3125 -1.4703
-2.8988 4.9579
-2.0479 -1.3504
0.3199 4.6617
0.0758 -4.7526
-0.0088 2.7784
4.1150 -0.5982
2.3034 1.3050
3.9971 -1.8598
3.0492 4.2182
-0.5207 -2.7668
-2.6499 -1.2551
-4.3288 -1.9186
-2.1580 -4.6218
-0.6826 1.0517
-0.4488 3.3586
4.7935 0.8825
4.2691 -1.3655
0.9757 -3.6011
0.8368 -3.8347
-3.8693 4.8122
-1.0080 0.4169
4.4288 -4.1349
-2.8568 -2.4390
-3.2955 -2.9022
-1.5312 -1.8539
1.2019 4.0375
-0.6426 0.2070
-0.8417 -3.3776
-2.1480 -3.5639
4.0509 -4.3595
1.8278 3.5465
-3.9574 4.7446
-4.1652 4.2903
-4.8661 -0.9048
4.1876 4.0161
-1.3243 -0.1550
-0.7798 -0.3033
0.7571 -3.3217
-3.1398 -4.1714
-4.7777 1.3316
1.5800 -1.8902
-0.4135 -0.3365
-3.0001 -2.8893
-3.0348 -4.9855
1.9357 2.9761
2.4742 -1.3195
0.4333 -4.8486
0.2586 2.1498
-0.9329 -2.8142
0.5697 1.8872
2.3063 -2.5399
-2.0649 -2.3392
2.8456 -3.6793
-4.2418 -1.5579
-0.2832 2.5439
-1.0084 3.8924
4.1111 2.1044
-0.7198 -2.5352
4.4508 -0.4861
-0.9547 4.3122
-2.5750 1.1567
3.7262 -2.4171
-0.0601 1.3110
-0.7643 1.9553
0.5237 -0.9634
-2.5143 -3.0652
-2.4284 -1.9293
-2.9026 1.9295
0.8062 1.3036
3.3515 -2.5018
3.5266 -4.5658
1.4390 0.3145
4.8501 -3.2380
4.7898 0.2190
1.8263 3.7128
2.8548 1.1361
-1.5120 -2.2857
2.8051 3.5454
-4.5360 -3.4254
-1.4717 -2.4058
-1.4300 1.7058
-3.7026 -2.7404
4.8225 3.2597
-0.8425 -1.7590
-0.9351 -0.1161
2.8269 2.6372
-0.6680 2.3768
0.7628 1.3603
1.5047 -2.5086
-4.6699 2.3432
-0.9599 -1.6049
4.5894 -1.9723
0.9552 -3.7286
4.3308 -4.8986
4.3704 4.2493
2.5574 4.1001
0.3891 -1.1785
3.2429 2.0139
-4.8925 1.7234
2.4652 -3.7233
-3.9697 -2.9903
-4.5159 4.0283
-3.1431 3.9184
-0.2716 -1.2232
-4.9036 -2.4981
3.5818 1.0270
-0.2651 1.2545
-3.5007 -4.8032
-2.5455 3.1973
-4.4321 0.1794
-2.9476 4.0943
-0.3451 -3.8138
-0.3902 4.4615
-1.4894 4.2704
-0.5900 -4.0519
-1.7059 -0.8474
0.7210 -1.7714
4.9235 3.4625
2.1785 4.4795
-1.3900 2.2922
0.7273 1.8385
-1.1967 1.4141
-1.2792 -1.8412
-0.7573 2.3215
2.4313 -3.4235
-1.3992 2.6007
1.2649 -4.0809
3.5287 4.6765
-3.7998 1.0897
-3.2566 3.9495
4.5063 -3.0585
4.7750 4.8806
-2.4800 -2.5869
-2.1538 -2.7658
3.3829 -0.9800
3.0210 2.8091
-1.3004 3.3921
-1.3719 -0.9050
-2.2826 -0.9760
-2.4053 2.7175
4.9439 -2.5088
-4.5374 3.6574
1.7633 1.8219
0.0168 4.7739
-3.8671 -3.1448
-0.3869 -2.8382
2.1863 -1.8708
4.6060 2.5201
0.2890 -1.3226
4.3542 1.0446
4.8959 -1.1657
-0.3428 0.5049
-1.3620 -1.1456
-4.0966 1.6544
3.4420 -4.8529
-0.8629 3.1312
2.5736 -1.5014
0.5403 2.1552
-0.2376 4.5889
-2.3341 0.0742
-3.6472 1.6617
-4.2230 -0.7053
3.4659 3.4950
-1.6296 1.5423
1.7399 0.0426
-3.9557 -1.3148
0.8737 1.8525
-3.8520 -4.0079
-2.5065 -4.5235
-0.8583 3.6934
2.1547 1.5187
3.6967 1.1046
3.1543 -0.7805
-2.6755 0.0371
-1.5366 -3.3586
4.6061 -4.0683
-1.9869 1.8532
-3.4580 -3.5733
2.4444 0.2871
-2.1711 -4.9643
-1.7116 -0.7494
-4.9867 -2.7566
0.6391 1.5994
-0.5587 0.0310
-3.3864 1.0006
2.0346 -2.9983
0.4403 -3.6260
-2.4538 -4.7621
-1.0689 4.3954
-2.5538 1.9550
0.8269 0.5423
-4.4726 -2.0459
1.0229 -4.5737
-4.6003 3.5376
3.6241 0.9668
-1.5689 -4.8147
-3.8777 4.3319
0.9343 -4.9021
1.3008 1.4096
2.8138 2.8869
2.3651 0.2650
2.9160 -2.0875
1.4871 1.2833
4.1191 -0.7453
1.0608 0.4637
2.3645 -3.0920
2.1325 2.4449
1.8999 -2.8714
4.1987 -3.9988
4.6955 3.9638
-1.7107 3.2234
-4.0518 3.8278
3.0653 -4.1188
1.8273 2.0019
-3.2675 -3.2978
-0.1899 3.3304
4.3934 2.2806
-3.6193 2.7589
1.5965 2.6350
-3.0596 -4.4290
1.2648 1.0985
1.2074 3.9847
-0.5902 0.1613
1.5895 0.0617
-0.5285 -2.4438
3.5160 4.7160
2.0733 0.8112
-0.7145 4.6839
1.2020 -4.5856
1.4119 -3.1137
3.8775 0.1976
4.9360 1.4085
2.2835 -1.5927
0.0582 1.4833
-4.5107 -1.4456
-3.9178 3.5043
3.5830 0.4280
4.1594 1.7308
1.7166 -2.4343
-0.3766 -3.7866
4.6139 -4.5939
-4.2008 3.8794
-1.1409 2.5319
-4.8356 3.0208
0.9191 -0.5859
0.6824 -4.2483
-4.8773 -3.4577
0.8981 -2.5276
-1.3978 -4.2077
-4.7457 3.5316
4.7858 -3.4282
-3.6781 1.1666
0.5058 0.2845
3.6344 -3.0878
1.8254 2.5975
-4.6503 1.1500
-0.5980 -3.4794
-0.6017 -0.4536
2.6611 1.8210
4.9984 -2.1874
-2.4253 1.2486
3.8581 4.4173
-4.5028 0.6680
-1.6834 1.9312
2.2955 4.7859
-0.0130 3.9912
0.4666 1.4848
-2.7536 4.8292
-3.7702 -3.3619
-0.1479 0.0979
3.7404 1.2735
1.4143 3.0000
-0.5176 -0.8223
-3.6286 -4.4517
-3.5884 0.1914
4.8260 -3.6547
4.7188 -1.3303
-0.7111 1.9662
2.5604 -3.7042
0.5859 2.8585
2.5665 -4.4969
4.7592 3.1562
-4.5813 3.6694
-1.4900 -3.0310
-0.2335 1.0739
-3.2506 4.9668
-1.4410 -4.5763
3.8847 -3.6118
-4.3085 -2.7705
-4.0725 0.8301
-2.9420 1.7111
1.1520 2.2320
-2.2657 0.0444
2.4779 1.4463
-1.9427 -4.6363
2.6544 -3.0615
-2.4711 2.4955
1.7102 -1.9182
-3.6809 2.4905
4.4245 3.5204
-0.5542 -4.0064
-1.4200 0.9778
-3.3020 2.2060
-0.0093 0.6871
-0.4783 -2.6489
-4.3378 4.1064
3.8788 4.5062
4.0778 0.1632
2.8265 2.0709
-0.2806 2.9880
2.9614 -3.0031
