-4.9385 -3.0336
1.9645 4.1913
-1.6194 0.3570
-1.9502 0.0544
1.4810 3.5054
4.2115 6.7264
3.9307 6.1035
4.9718 6.4886
-4.2712 -2.0677
-3.7038 -1.5386
4.8157 6.4018
-4.0976 -2.1092
1.8616 3.5895
4.2896 5.7527
-3.5818 -1.5992
3.8442 6.4067
-4.8024 -2.6134
-1.5731 0.3975
-2.6169 -0.5754
4.8456 6.2685
3.4660 5.7047
2.9451 4.8920
4.0028 6.0149
2.8010 4.9020
3.3651 5.7762
-1.7891 0.1950
2.4275 4.2417
1.6449 3.3259
-2.1082 -0.1005
-1.6263 0.3414
4.0864 5.7030
-4.6775 -2.8214
1.9636 4.2788
-2.9123 -0.9156
3.2415 5.6028
-2.8177 -0.7733
-4.0036 -1.9749
1.1951 3.1109
-3.9619 -2.0388
2.9906 5.4342
4.0293 5.6891
-1.8749 0.1315
-2.1841 -0.1848
-4.9322 -3.0847
-0.0413 2.1079
4.8848 6.5233
2.3794 4.7645
-1.8928 0.0971
1.0041 3.0410
2.8168 5.1929
-3.8847 -1.7591
0.7933 2.7515
3.7037 5.5062
1.8978 3.9505
-2.5703 -0.6076
-1.5728 0.4180
0.4544 2.5140
-4.3243 -2.5405
-0.8955 1.1770
-2.6249 -0.6641
-0.1103 2.0617
3.0607 4.7399
-1.2215 0.8050
0.1798 2.2825
-4.0540 -2.1853
4.0910 6.3115
-2.9237 -0.8923
-1.1794 0.7443
1.6028 3.3291
2.5837 4.3855
-3.2693 -1.3552
0.1738 2.3483
4.9534 6.8838
2.0761 4.4744
-4.1943 -1.9897
-4.5669 -2.7515
-0.0884 1.9225
-0.5340 1.6054
-0.1320 2.0089
-3.3411 -1.2503
-1.3934 0.5888
3.8072 5.2939
2.4435 4.3939
-0.8323 1.1540
4.0735 5.8630
-4.0569 -2.2274
-3.1867 -1.1854
4.4659 6.7377
-3.9915 -2.0571
-1.1196 0.9388
-2.1078 -0.1025
-4.2691 -2.3913
-3.0539 -1.0351
-0.8251 1.0704
-2.0707 -0.0760
2.0214 4.4012
-2.6029 -0.5567
4.5948 6.6058
-1.9454 0.0574
-3.4508 -1.3377
0.5551 2.3169
2.9054 4.8476
-0.5613 1.3322
4.9582 7.6145
-0.6341 1.4861
-1.9556 0.0483
-2.5349 -0.5866
4.6083 6.8634
-2.7712 -0.8024
-1.0439 0.9315
-2.7548 -0.6890
-2.2998 -0.2964
-0.8156 1.1946
4.9774 7.0334
4.1103 6.4602
0.5043 2.5551
0.9634 3.2283
-4.2085 -2.2665
0.7664 2.9760
3.9817 5.5303
-0.3669 1.7355
-1.0160 1.0780
-3.9554 -1.8503
1.5224 3.8131
4.9170 7.1610
1.7807 3.9509
-0.7152 1.3325
1.5480 3.7586
0.8875 2.9046
2.4505 4.6772
1.4087 3.4111
0.0368 2.2026
4.3804 5.9001
1.0534 3.2685
1.3892 3.1690
2.0266 4.2393
3.6095 5.5639
-1.2034 0.8135
2.1212 4.0092
0.2352 2.1914
-1.3651 0.6641
-0.6532 1.4693
1.8760 4.1696
-2.7315 -0.7475
4.7900 7.4253
4.7567 6.9380
-2.1049 -0.1107
-1.6157 0.4150
4.9644 6.5836
2.8897 4.4998
2.9492 5.2741
1.3237 3.2735
3.1145 5.3468
-0.5191 1.6103
3.3061 5.0902
-3.7334 -1.6683
0.1327 2.1539
2.1593 4.2031
-2.5185 -0.5331
0.3190 2.3638
-1.1779 0.7664
3.0176 4.9352
1.7086 3.6115
4.8286 6.2554
4.3682 6.0324
0.7627 3.0359
-4.1981 -2.3781
-0.8618 1.2044
-3.1915 -1.1046
4.9563 7.0263
0.2039 2.0072
3.8528 6.0595
1.4825 3.7070
-0.3375 1.7993
-4.0472 -1.9027
4.6782 6.4176
1.2011 3.3803
-3.4400 -1.4363
-1.0163 0.9933
3.8250 6.2657
0.3901 2.6236
0.4368 2.2024
-0.5755 1.3822
-3.1625 -1.1706
-2.5077 -0.5329
-2.1489 -0.1629
0.2951 2.3847
0.5984 2.4805
-0.8485 1.2553
4.0568 6.5506
-1.9486 0.0510
1.4977 3.6608
-2.1122 -0.1135
-2.4475 -0.4917
-1.4182 0.5689
3.0592 5.4454
0.3893 2.5772
0.9006 2.8345
-2.6886 -0.7199
-3.9805 -2.1440
1.4464 3.7250
4.8014 6.2320
-3.9828 -1.7977
-3.1213 -1.1376
-4.9061 -2.6209
3.3830 5.0583
-0.1866 1.6396
-0.3147 1.7838
4.0855 5.7092
-0.8285 1.2774
0.4414 2.5733
1.9901 4.2427
-4.2095 -2.1768
0.0942 2.0105
-0.1310 1.9364
3.5588 5.9574
1.1440 3.3778
-3.8258 -1.9708
1.0687 3.2796
-3.3582 -1.3542
-1.0097 0.9880
0.3236 2.1216
3.7521 5.7026
1.5904 3.6590
2.8763 4.4960
-3.7397 -1.6854
0.2497 2.1436
3.9948 6.0909
-3.9092 -1.8845
1.3457 3.2889
-4.1915 -1.9961
-0.8877 1.0589
2.1263 3.9152
-3.9958 -2.0792
3.0995 5.2615
1.3781 3.1208
3.9807 5.5372
1.2182 2.9466
-0.8539 1.2000
1.4756 3.5146
-0.1073 2.0193
-4.0624 -1.9000
1.3732 3.2090
4.5026 5.9227
-0.2362 1.8190
1.0280 2.8933
0.9148 3.0367
-2.7474 -0.6921
1.6843 3.7020
-3.4345 -1.3042
2.7425 4.3644
-2.8695 -0.8641
-3.3088 -1.3639
2.2575 4.3438
-2.4381 -0.4123
-3.3723 -1.4049
1.2578 3.3875
-2.4925 -0.4743
-2.3702 -0.3928
3.4393 5.0890
-1.0258 0.9238
-3.9542 -1.9912
-3.0615 -1.1396
-1.3693 0.6709
3.7453 5.8489
0.9977 2.6993
-2.4189 -0.4561
-1.4157 0.6185
3.8754 5.7571
4.0053 6.4538
-0.5205 1.5311
-2.3115 -0.2954
0.5382 2.3698
-3.2115 -1.2990
3.5970 5.4030
-2.6802 -0.6565
-3.3189 -1.2926
-4.7328 -2.8768
-1.7757 0.2092
0.5516 2.6477
3.2453 5.3956
3.0425 5.3666
-4.7559 -2.6890
-1.2849 0.6596
-0.0813 2.0566
-0.3395 1.7313
-4.5829 -2.6216
1.1700 3.3229
0.7803 2.9214
-2.0119 -0.0120
-0.6433 1.4383
-3.6337 -1.6893
-2.0028 -0.0028
2.6137 4.7853
-4.6470 -2.8879
-2.3050 -0.3128
4.9627 7.4071
-0.5305 1.3780
-3.4722 -1.5462
3.8623 5.5358
-4.6862 -2.6413
-3.8397 -1.9467
-2.4914 -0.4816
2.5967 4.1785
3.9831 5.6254
-2.7658 -0.6958
1.7330 3.8369
3.1879 4.9303
4.4893 6.3853
3.7432 5.3662
-1.0626 1.0094
4.3696 6.1671
-0.6310 1.2882
-3.3748 -1.4560
-1.9018 0.0889
1.8111 3.4603
4.3405 6.3784
4.4739 7.0350
0.9908 3.0520
4.4887 6.6200
-0.9598 1.0701
-4.5897 -2.8082
-2.0617 -0.0583
-4.6806 -2.8870
3.6451 5.1357
-0.6745 1.4082
-4.0719 -1.8782
-3.6221 -1.5945
-2.5803 -0.5913
-2.7699 -0.7232
3.6774 6.0136
2.6418 4.3735
-1.5529 0.4180
-1.1522 0.8671
0.9487 3.2088
0.3512 2.4272
-1.6644 0.3164
3.5468 6.0056
-2.3436 -0.3353
4.3394 5.7498
-1.1017 0.8494
1.8307 4.1424
-2.2499 -0.2683
-4.7204 -2.7653
4.4061 6.4840
0.3397 2.1062
1.7117 3.4347
1.0753 2.8998
2.5087 4.8034
4.8132 6.6601
2.2767 4.1211
3.5732 5.3077
4.9184 6.6369
2.5946 4.5286
-3.5396 -1.4449
-1.7369 0.2666
-4.7121 -2.7977
1.9455 4.0920
4.5876 6.3949
2.2905 4.6824
2.3675 4.1437
-3.2539 -1.3162
-1.4459 0.5419
0.7465 2.9359
-0.4005 1.5585
3.3372 5.5589
3.1544 4.9953
-1.7605 0.2576
-0.3832 1.6979
1.7396 3.6905
0.9523 2.8936
-3.6561 -1.6140
-4.8051 -2.7732
-3.7489 -1.7070
-2.7672 -0.7017
-0.5086 1.4736
0.3453 2.3953
4.9039 6.6343
2.1735 4.0955
4.8006 6.2579
-4.4626 -2.4512
1.3687 3.2289
4.6038 5.9649
-2.3008 -0.3239
4.4941 6.1178
4.0223 6.2435
-3.0535 -0.9807
2.3395 4.7512
-3.2514 -1.2521
-3.9486 -2.1011
-1.8589 0.1475
-1.5123 0.4874
-1.0104 1.0108
-2.1608 -0.1560
-1.8609 0.1398
2.1828 4.4312
4.4465 6.1547
-4.1221 -2.0341
-2.2047 -0.1984
0.9616 3.1843
3.2843 4.8545
2.8215 4.5387
0.5724 2.4709
-4.6372 -2.5589
1.6937 3.8612
3.4899 5.9141
-4.3454 -2.1352
-1.3923 0.5564
-2.4195 -0.3788
-0.6740 1.2446
-1.9393 0.0550
4.6659 6.6242
-3.7007 -1.6134
-2.8256 -0.8950
3.9339 6.1901
1.2171 3.2098
-1.0184 0.8988
-1.4391 0.5643
1.4657 3.5808
2.3309 4.4242
2.3170 4.2476
4.5818 6.0694
-4.5405 -2.7013
-0.7564 1.1813
-4.9098 -2.9152
2.0381 4.2837
2.8089 4.8184
0.6484 2.5439
-4.7670 -2.9673
-4.9244 -2.6655
4.8897 7.2077
-2.9835 -1.0624
3.2334 5.1957
-1.3905 0.6058
-0.3875 1.5009
-3.8995 -2.0750
2.8126 5.1748
-0.4656 1.5309
-2.0290 -0.0284
-1.4160 0.5404
-0.1756 1.9796
-0.6878 1.1825
1.9882 3.7381
1.7507 3.6187
-4.9313 -2.6676
-4.2101 -2.0530
-0.3937 1.6800
2.7754 4.7584
3.1676 5.0003
1.3139 3.1394
-1.3512 0.6424
3.8750 5.5054
-2.4907 -0.4735
-4.3388 -2.2284
2.2715 4.5535
2.6680 4.8513
3.9833 5.7841
2.6683 4.7432
4.4688 6.1943
0.3573 2.2461
4.5978 6.2810
4.7819 7.0221
0.2210 2.2298
3.4536 4.9920
3.9803 5.4490
4.3123 6.0077
-0.4236 1.5575
2.5916 4.3935
4.3880 6.6164
3.1070 5.5662
4.3039 6.6493
-0.5304 1.5096
3.3389 5.6096
4.8778 7.2173
-1.3036 0.7084
-3.2923 -1.3629
3.2317 5.1192
0.8706 2.9310
4.6161 6.2819
-0.1087 1.8119
-2.4648 -0.4201
1.7822 3.6667
4.1449 5.7047
1.1707 3.1146
-1.7750 0.2094
-0.0949 2.0305
-0.9254 1.1260
-4.1606 -1.9873
0.9196 3.1068
3.7902 5.4741
0.5331 2.3339
-2.0053 -0.0055
3.9701 6.5129
2.9431 5.2540
2.7581 4.8754
0.9897 2.8870
0.5722 2.4577
-2.0029 -0.0029
0.4766 2.4024
4.9183 7.4410
-0.1659 3.5329
1.8477 -0.3271
-0.1998 3.3672
2.4652 -2.7938
-2.8858 3.0596
-2.5151 -2.5142
-4.0216 4.9827
2.0867 4.3790
3.5575 0.5396
2.8903 4.1270
2.4284 1.3549
-3.9548 2.8010
0.2087 0.6722
3.4663 -3.0824
3.4361 4.0625
-1.2225 0.1486
-2.2790 4.9898
-3.7470 -1.2267
1.9135 -2.9389
0.5513 2.2995
-4.9153 -1.8656
-0.8397 -3.8242
-0.6088 3.8861
2.8436 1.9312
3.3000 4.3990
0.8961 -0.8283
-3.5793 3.1577
0.9331 3.0484
2.2619 -1.3960
-0.7162 4.1381
-2.8921 -2.1168
-2.3462 -3.3500
4.9318 -0.4414
-0.1924 -2.5718
3.2775 -4.9808
1.0324 1.1534
3.1784 1.6123
4.5555 1.6034
1.5038 1.8048
1.2765 3.5065
1.4656 -4.6269
-4.3787 1.8078
4.3820 0.7114
3.9872 1.9021
1.9486 3.9557
-1.8959 -2.3314
-1.5645 -4.3145
-4.2377 -1.8640
0.1984 2.8918
1.0878 -0.0166
2.2716 -0.6297
-4.9993 -3.3159
-3.3023 -2.3544
-0.3671 1.8388
-1.3815 3.1664
4.5207 2.0552
4.3219 0.7654
4.5807 4.9406
-2.9346 -0.3881
-3.4030 -0.0665
0.7176 -2.2604
0.9292 1.5510
1.9861 -0.9294
-1.9419 -2.0004
-1.0615 1.0544
-1.6311 2.9117
-3.7101 4.7089
-4.1306 2.7338
0.4894 0.9998
-1.8227 -0.5093
4.9275 -3.4653
2.2357 -2.8877
0.7210 2.0035
2.1723 4.5618
4.7656 1.3547
-0.7301 3.9127
4.1301 -2.8371
3.9731 1.8354
3.3523 -1.8494
-4.5204 -4.7461
-1.4072 3.2025
-2.0425 -0.6733
1.2913 -4.1129
-3.6382 4.3508
-1.2595 -1.0922
3.6478 0.8793
-2.4973 -2.6016
-4.7049 1.5357
4.9945 -1.3347
1.0514 -0.1875
-2.5580 -0.9831
-0.6180 -1.6620
2.3509 -2.3241
0.5799 2.6784
-0.6166 -2.5962
1.0354 4.6128
-3.1900 4.2355
3.0879 -2.2575
3.1906 -2.7672
-0.1276 -2.4788
2.5505 -2.5301
-0.9563 -2.6042
2.2568 -0.7175
-3.4599 3.2593
0.0907 1.1719
1.6804 -3.0613
-3.4742 3.0808
-4.3730 4.8563
-1.6289 -3.5140
-0.5406 3.5303
2.5765 -2.6140
-3.6947 -0.8306
4.0151 -1.7760
-2.7966 -0.6596
-1.2145 -1.7258
-0.7724 -4.0103
4.7269 1.7117
-3.2298 -4.5064
3.8228 -2.9900
0.5126 -0.0086
-1.7851 -2.2458
3.9985 -0.8040
0.4211 0.9699
-0.3711 -4.5086
3.0797 3.8668
-1.3918 3.5830
4.7100 -4.1494
0.5552 -3.2258
2.6982 -4.8660
1.8012 0.8999
-2.9480 2.0786
3.3462 2.5892
3.6547 -2.8603
-4.5848 4.6617
1.1419 -0.1561
-2.2672 -4.3753
2.4671 -3.2154
-0.1213 -1.6174
2.9238 3.8048
0.2446 -4.5728
0.9751 -1.4459
-2.7997 1.4074
-1.3598 3.2788
-2.0276 -4.5538
3.5162 2.9083
4.7369 -4.4885
1.2362 -2.0357
3.9228 -2.2786
4.8090 4.1345
1.4698 1.0547
2.9882 0.0222
-0.9513 2.3660
-0.1764 -3.8788
-4.3611 3.8449
3.0293 0.2955
-1.4893 -4.9451
3.4927 -3.3713
4.9181 -2.3767
-0.1568 -4.6113
-1.4364 1.8206
-4.4563 -4.7180
4.1408 -0.0005
2.0497 -0.1931
-0.6192 -2.2147
4.6811 0.9049
2.2382 -2.1258
1.5680 4.1995
0.1477 -4.9394
3.7706 0.6453
-4.3983 -1.3131
-0.2852 -1.2864
-1.8898 -4.7881
-3.0531 1.8725
-3.4895 0.5456
4.0142 2.6544
-4.2934 2.9134
4.5839 -2.5344
1.9989 -3.0019
-4.8799 -1.3306
-4.9512 2.1957
