1.0259 9.9398
-3.1574 -2.4147
-3.0249 -2.0410
3.6199 17.1221
-3.7435 -4.2100
1.4558 11.3159
-0.6268 4.8784
1.1261 10.5204
2.3748 13.5022
-1.9672 1.0620
-4.5703 -6.8349
3.3551 17.1583
-1.3069 2.9271
1.6134 11.5893
3.9572 18.6387
-2.2590 0.2151
4.9790 21.0036
3.3435 16.9637
2.9134 15.5363
1.5661 12.0781
0.4367 8.3414
-1.1332 3.7148
3.2223 16.6009
0.9533 9.3809
2.8164 14.6845
4.8767 20.9083
2.8825 15.4378
3.5292 17.9714
-0.1439 6.3447
3.7376 17.8098
-1.6615 2.0446
-2.9468 -1.8013
-0.0564 6.7091
-4.6879 -6.8203
3.2757 16.6382
-2.3574 -0.0751
1.7750 12.8029
2.9386 15.6477
1.8184 12.6739
1.5076 11.2373
-2.6266 -0.9193
-0.2260 6.4009
4.3642 19.5038
-2.5890 -0.7370
-2.9089 -1.7380
-2.2753 0.1702
2.7582 14.6195
-1.6859 1.8760
1.0307 9.6376
-3.1599 -2.5244
-4.1254 -5.5277
-1.9108 1.3064
-2.6912 -1.0484
4.0919 20.0387
4.3688 20.3237
-4.6812 -6.7016
0.9365 9.6564
-4.5618 -6.7080
-0.7510 4.8077
0.2158 7.6067
3.4034 17.7456
1.2503 10.3690
-2.4480 -0.3602
4.0469 19.7796
2.6730 14.7789
0.6267 8.9832
3.9715 18.5434
-1.3192 2.9174
-1.6227 2.1365
1.1886 10.9094
-4.1310 -5.5355
-1.2450 3.4111
-3.1262 -2.3390
3.1053 16.1359
2.2325 13.2186
1.7467 12.0367
4.1398 19.5237
3.2096 16.7125
0.4872 8.1744
-4.8446 -7.2453
-4.0531 -5.1071
0.1476 7.6894
4.5248 19.9264
3.4306 17.2932
4.3501 19.3011
4.7341 21.9755
-1.2747 3.2605
-1.7910 1.6375
2.8325 15.3263
-2.8778 -1.6317
4.5915 21.5783
4.3023 20.7133
-1.3427 2.9714
-1.5509 2.3542
1.9268 13.3041
2.1660 13.6042
3.0034 16.4518
0.9367 9.9684
-4.0282 -5.0693
0.5951 8.5391
-4.5691 2.7030
2.5763 0.0965
1.5965 2.0696
0.9946 2.9117
-2.7301 -1.6933
2.1371 4.1368
2.2450 0.7670
-1.5578 -2.1209
-4.6725 -2.3314
3.4362 3.9018
